              precision    recall  f1-score   support

         mel     0.5612    0.6842    0.6166       114
          nv     0.9308    0.9043    0.9174       669
         bcc     0.7097    0.8462    0.7719        52
       akiec     0.6452    0.5556    0.5970        36
         bkl     0.8000    0.7308    0.7638       104
          df     0.9167    0.7333    0.8148        15
        vasc     0.8667    0.9286    0.8966        14

    accuracy                         0.8436      1004
   macro avg     0.7757    0.7690    0.7683      1004
weighted avg     0.8525    0.8436    0.8465      1004
